-1542.930648526035      3099.86129705207        327155.49387802556      74735.1004313855        3271554.9387802505      5940211.089003239       15490.092609766634      53133.59924396219       0.010375771827919596    0.14121142707782997
-1416.6879807220432     2847.3759614440864      285850.2602648295       72932.45768301723       2858498.432070652       5553967.987726062       17209.329524868634      51135.82704681309       0.013575969298897714    0.061045598426534536
-1271.882532227674      2557.765064455348       293665.5422031877       78218.80308357006       2936105.346408323       5786630.039753016       17457.066991075993      54040.82125636821       0.01382086221817424     0.05001666725919176
-1283.911398085168      2581.822796170336       304196.9460510423       78077.02744219886       3041967.659656098       5462072.145224885       17943.111452758116      53641.53863811744       0.014260405767451962    0.06483704946048502
-1262.7030152080617     2539.4060304161235      288323.4705579884       74220.34206907045       2883174.837996836       5142669.052832301       17339.68946961586       51205.97453076544       0.013283730045437822    0.05951494476576627
-1268.6793519017742     2551.3587038035485      311871.58669988054      80960.00119272395       3117679.7502305266      5698783.984541873       17971.11716926667       55348.88299858972       0.014145800659044264    0.0693896637132171
-2988.0994009375377     5990.198801875075       35580.35388630826       25391.797787438285      201517.8447481718       3430376.593561401       18422.160263952646      94879.31699475848       0.0021602172849013827   0.020417879811858313
-1152.1686696670893     2318.3373393341785      290679.25651001034      76662.202609737		2906789.8521658974      5163815.421003049       16482.607484802804      52400.08466440317       0.012925240849354003    0.05284837153278375
-1067.964949662381      2149.929899324762       284423.45096081693      71587.5691379647        2842854.6707959063      5163022.017148747       16190.400786253234      50636.93138525051       0.013168283994321545    0.058880927568338536
-1636.235607515129      3286.471215030258       290737.9263841603       72538.87198509519       292531.9467771474       5147945.783707558       20648.03888223593       55141.2989282053        0.011599290578906176    0.10261729376121344
-1395.0918933588405     2804.183786717681       303855.6580022387       75963.49714271059       3037938.7577458043      5315535.551611434       17203.884140553084      53093.35994893941       0.013638203815692376    0.0733889075595033
-2976.338059118608      5966.676118237216       36410.14286854461       20614.934361365977      225127.9624435737       3479073.516676242       17746.656428503135      97086.92257891872       0.00215931239744186     0.02391682042401796
-1196.4153204824474     2406.830640964895       290540.157736273        72330.93661653258       2904734.1657463154      5049493.807233765       16586.593835741558      50903.06586102522       0.013184334314308944    0.07795286772219868
-1106.2632366006899     2226.5264732013798      303833.3470984974       81496.23478156378       3038151.219693069       5666326.897786599       17296.230370348825      56229.43666197145       0.013698912915586992    0.06752635651348621
-1246.12551327631       2506.25102655262        294075.9077145248       77100.82580427387       2940190.1493621077      5496704.101923822       17219.57144300091       53842.02763435439       0.013013644367168101    0.057054711531110074
-1314.1557999131694     2642.311599826339       294515.50985195296      79813.61261274511       2945110.200593316       5422205.84825471        16946.297437341935      53409.17666247412       0.013368466040997503    0.05287902611139567
-1138.154705997087      2290.309411994174       273308.0950225801       66411.95339211766       2733070.584087813       5138484.920818563       15551.359353978463      47763.96279856202       0.013064427761457576    0.057339272336120316
-1232.2678268557095     2478.535653711419       294656.6138908176       71594.2858623011        2946557.9659456746      5442846.436046123       17193.92049588381       50587.12053627986       0.013654402896175668    0.06264153293656408
-3126.538495263162      6267.076990526324       36214.96027480172       24183.77559172535       283980.883983331        3461709.1727374624      17855.944467690253      94374.45757490082       0.0022268292126040256   0.022543540800750998
-2964.4965448292987     5942.9930896585975      42378.99679170813       25252.829695079974      299140.6641904248       3583705.6957325963      18422.635382638167      101464.56402569152      0.0024663500642091623   0.025504474154277996
-2885.6025934083473     5785.205186816695       39527.50365911101       24242.071261685785      61516.48518692317       3597302.4359394107      17890.028821599346      94771.17776941448       0.002395241945043401    0.021306182082120793
-1238.5553549801489     2491.1107099602978      294421.97339994856      77942.13881602541       2943981.520189456       5816134.9049776895      16616.370489624136      53845.297823644025      0.013020897640399794    0.0662372077612006
-1431.7012046974453     2877.4024093948906      297686.1751588539       75039.09092676271       2976861.186847862       5472350.806201123       17679.363595142724      51674.505879977274      0.014358826529286196    0.06883826101266555
-1292.3002725611052     2598.6005451222104      307931.2447050181       77844.23106738886       3079309.229877138       5689416.852975027       17392.79117428078       55540.504458782045      0.013158641647032768    0.08483885380814485
-1325.1616405138832     2664.3232810277664      300734.4926838316       77500.72229889297       3007344.4375751484      5655929.706321159       17436.773047876595      53048.021698426506      0.013665135362124253    0.05666438073574742
-1274.6530678780027     2563.3061357560055      287322.7989534115       77287.92123777285       2872959.770031283       5046797.854979892       16576.24214184538       51853.15653693048       0.013348402670592965    0.06488544967268117
-2882.376278120553      5778.752556241106       38729.98559141803       25710.49554762138       387298.40301317285      3442895.181615248       18609.86199092782       95199.72673260052       0.0023550655342154847   0.023096889103979844
-1305.1536923707722     2624.3073847415444      300038.6755153043       78266.09173477908       2999465.828963743       5680319.91514065        17149.199805025684      54294.81197347544       0.013643245547883027    0.07672563774111386
-1259.7466651846069     2533.4933303692137      304806.68172094563      81910.8208632393        3047706.111131709       5851862.305599128       17777.740689428785      54661.1529305179        0.013458141464237131    0.054188116751542836
-1337.314953586305      2688.62990717261        301340.99149512604      76650.06254911073       3012996.1094651097      5651703.83529334        17465.783191192106      53107.527352035715      0.013393720653075506    0.06655264443134473
-1352.7500002560184     2719.500000512037       294179.2810770626       77581.87351677514       2941519.806050415       5474573.26417126        17192.90501991075       52935.053571231205      0.013133797812999382    0.06539901738459986
-2681.4046077667304     5376.809215533461       37177.26052526515       24989.31045450488       371732.95435482904      3716907.7109199236      19053.2203032656        99139.36140070706       0.002388768880596359    0.01893362770060314
-1279.9876387807753     2573.9752775615507      281335.6260549051       76105.11188854897       2813353.351155832       5434672.486721724       16622.6550876585        51466.334331112674      0.013358829943038653    0.06424023412619716
-2840.257744965045      5694.51548993009        36590.22036403477       25757.695987447452      311394.63343909505      3521103.95713842        17880.6972398188        97236.4367358608        0.0022053892175599825   0.01951480582137437
-1175.2286636668127     2364.4573273336255      292902.52138190455      76563.27265493589       2928835.0683317613      5318275.033610044       16512.580698393347      52273.55085319477       0.01344252007039632     0.06284567336118818
-1263.3451819276056     2540.690363855211       290089.3588120744       71348.84985576902       2900646.345630655       5418806.879139791       16540.222021123114      50087.94986321057       0.013345342031312336    0.05379030540366205
-2998.14205952252       6010.28411904504        49445.73316942565       27512.3238888312        494446.3759229897       3294232.5008618585      17381.421078750085      90341.32388228165       0.0031795413121100415   0.02804687828559814
-1239.2077882600192     2492.4155765200385      291764.0605097549       76710.70366719968       2917438.2107323236      5661182.980080769       17362.09954236792       52408.52865239209       0.013860256365243273    0.041510313626071625
-1349.6842437177004     2713.3684874354008      304163.0493285359       77409.77336274955       3041036.7285712007      5330076.528012518       16989.34232737431       53153.95988063808       0.013833970524598324    0.06944432578765485
-2512.100079376656      5038.200158753312       35686.177989770295      23683.457076671293      151232.63424794734      3473235.8489893363      16611.952022576515      95163.14130605411       0.002310577561064342    0.022530823847644932
-1234.6660816543863     2483.3321633087726      279681.316216301        75301.76219193493       2796749.396045965       5549040.210546023       16722.430539342164      51796.69099638079       0.012735628233415208    0.053060967888730194
-1352.214290726199      2718.428581452398       289687.76731739816      71637.43925584391       2896877.237229701       5292955.497214064       16514.397233038304      51784.58217592124       0.013440199182601555    0.08199035164898226
-2717.8155331766193     5449.631066353239       36098.67850129773       24519.278659061394      338538.28283092653      3547069.3710369673      18120.498333546788      96101.39924094839       0.0021838517383106853   0.01957237869035709
-1224.093467045373      2462.186934090746       304184.47506032663      78098.53580484266       3040982.341276755       5375052.114185415       17686.152346744504      55060.858164791105      0.013869258065298718    0.06875482163760954
-1257.5162811869147     2529.0325623738295      303651.1803482287       76386.58950272924       3036510.5502083707      5864803.231139233       17795.239965261935      54976.61050958371       0.013019054094765838    0.06227062274051673
-1711.9139942140207     3437.8279884280414      326500.2692362307       79228.59763912698       3265002.692362307       5198908.388214871       19243.680196571313      50266.51749254058       0.014514537050123621    0.0014821726997400475
-1744.8678012111757     3503.7356024223513      221370.06835594756      90670.02460739267       2212918.17169719        5339495.964582342       18905.316543802786      54257.345590707104      0.01278521323487253     0.031683290154810764
-2683.3526304256548     5380.7052608513095      33964.973760694746      28126.37330671999       200033.3756776163       3200211.6811273573      18419.039873313268      90573.26336185266       0.0023195098769202005   0.01911930732204148
-2720.090253119985      5454.18050623997        36934.95055809659       22977.717664927633      83099.16113434007       3387628.7997730416      17643.759164024676      90553.59245581865       0.0023345097947251605   0.022042630557791466
-1250.3341422899432     2514.6682845798864      293270.6684450262       77600.13871883764       2932700.947625028       5425558.097108027       17012.401366635833      51943.04008890815       0.013805773578917017    0.0554659654554986
-1101.7386405499785     2217.477281099957       309054.740946523        75913.28777455377       3090276.4882749715      5759432.443499425       17205.2307719645        54673.69084876753       0.01329334557608739     0.07864702653985452
-1188.193380110336      2390.386760220672       294061.6940641418       73843.58171005188       2940048.265256373       5636312.468854754       16170.06700703964       52238.47060905321       0.01374435325209171     0.07961175709269676
-2813.7444867654635     5641.488973530927       148516.2073789087       49942.92564219946       26434.182791886025      3456718.2188465833      16175.061851813534      79502.85159184501       0.007909464493498402    0.09678619115590825
-1284.3991897958083     2582.7983795916166      294860.1015767302       75671.42665449964       2948600.8285944774      5305768.390796637       16929.686343343106      52615.48464318492       0.013658398282752242    0.07705931525289389
-1246.667488322515      2507.33497664503        300155.70873336075      75625.80265583823       3001556.1786214435      5600167.926395269       17039.69621624723       52659.81518629147       0.013472974346586583    0.06959205582775368
-1329.0667747095463     2672.1335494190926      298420.1127042625       80884.52210500864       2984173.6366236205      5843590.769864246       17839.229088324573      55052.06807179545       0.0139298582631072      0.06454812180692468
-1030.8936598313649     2075.7873196627297      291644.04060620937      71366.99027941818       2563929.7345265406      5507848.0883901995      16165.212648153249      51872.38724334914       0.01344103108469522     0.08008527414069253
